DECJD: 66.14277
NAME: B0105+65
RAJD: 17.09436
SOURCE_PARAM:
  DM: 30.5482
  JNAME: J0108+6608
  P0: 1.2836598429
  P1: 1.3051e-14
  S1400: 0.9
  W50: 22.5
