DECJD: 60.15897
NAME: B0138+59
RAJD: 25.41641
SOURCE_PARAM:
  DM: 34.926
  JNAME: J0141+6009
  P0: 1.2229485205457
  P1: 3.9107e-16
  S1400: 4.5
  W50: 34.9
