DECJD: 54.57877
NAME: B0329+54
RAJD: 53.24737
SOURCE_PARAM:
  DM: 26.7641
  JNAME: J0332+5434
  P0: 0.714519699726
  P1: 2.048265e-15
  S1400: 203.0
  W50: 6.6
