DECJD: 54.22048
NAME: B0355+54
RAJD: 59.72382
SOURCE_PARAM:
  DM: 57.142
  JNAME: J0358+5413
  P0: 0.1563824177774
  P1: 4.396862e-15
  S1400: 23.0
  W50: 3.9
