DECJD: 22.01446
NAME: B0531+21
RAJD: 83.63322
SOURCE_PARAM:
  DM: 56.77118
  JNAME: J0534+2200
  P0: 0.0333924123
  P1: 4.20972e-13
  S1400: 14.0
  W50: 3.0
