DECJD: 22.51
NAME: B0611+22
RAJD: 93.5715
SOURCE_PARAM:
  DM: 96.91
  JNAME: J0614+2229
  P0: 0.33495996611
  P1: 5.94494e-14
  S1400: 2.2
  W50: 6.9
