DECJD: 74.48492
NAME: B0809+74
RAJD: 123.74792
SOURCE_PARAM:
  DM: 5.75066
  JNAME: J0814+7429
  P0: 1.292241446862
  P1: 1.68114e-16
  S1400: 10.0
  W50: 41.4
