DECJD: 6.17071
NAME: B0834+06
RAJD: 129.27351
SOURCE_PARAM:
  DM: 12.864
  JNAME: J0837+0610
  P0: 1.2737682915785
  P1: 6.799219e-15
  S1400: 4.0
  W50: 23.9
