DECJD: 6.63981
NAME: B0919+06
RAJD: 140.55842
SOURCE_PARAM:
  DM: 27.2986
  JNAME: J0922+0638
  P0: 0.430627098928
  P1: 1.37294e-14
  S1400: 4.2
  W50: 10.5
