DECJD: 9.86528
NAME: B0943+10
RAJD: 146.53167
SOURCE_PARAM:
  DM: 15.31845
  JNAME: J0946+0951
  P0: 1.09770570486
  P1: 3.49339e-15
  S1400: null
  W50: 40.8
