DECJD: 7.9266
NAME: B0950+08
RAJD: 148.28879
SOURCE_PARAM:
  DM: 2.96927
  JNAME: J0953+0755
  P0: 0.2530651649482
  P1: 2.29758e-16
  S1400: 84.0
  W50: 9.5
