DECJD: 15.85124
NAME: B1133+16
RAJD: 174.01353
SOURCE_PARAM:
  DM: 4.84066
  JNAME: J1136+1551
  P0: 1.187913065936
  P1: 3.733837e-15
  S1400: 32.0
  W50: 31.7
