DECJD: 24.89702
NAME: B1237+25
RAJD: 189.91859
SOURCE_PARAM:
  DM: 9.25159
  JNAME: J1239+2453
  P0: 1.3824491030388
  P1: 9.60049e-16
  S1400: 10.0
  W50: 51.1
