DECJD: 55.52567
NAME: B1508+55
RAJD: 227.35679
SOURCE_PARAM:
  DM: 19.6191
  JNAME: J1509+5531
  P0: 0.739681922904
  P1: 4.99821e-15
  S1400: 8.0
  W50: 10.9
