DECJD: -6.3459
NAME: B1540-06
RAJD: 235.87566
SOURCE_PARAM:
  DM: 18.3774
  JNAME: J1543-0620
  P0: 0.709064069786
  P1: 8.7954e-16
  S1400: 2.0
  W50: 8.1
