DECJD: -3.29953
NAME: B1642-03
RAJD: 251.25851
SOURCE_PARAM:
  DM: 35.7555
  JNAME: J1645-0317
  P0: 0.387689698034
  P1: 1.780431e-15
  S1400: 21.0
  W50: 4.2
