DECJD: -9.58953
NAME: B1822-09
RAJD: 276.37762
SOURCE_PARAM:
  DM: 19.3833
  JNAME: J1825-0935
  P0: 0.769005855083
  P1: 5.25018e-14
  S1400: 12.0
  W50: 12.0
