DECJD: 7.27633
NAME: B1859+07
RAJD: 285.41224
SOURCE_PARAM:
  DM: 252.81
  JNAME: J1901+0716
  P0: 0.64399866351
  P1: 2.2872e-15
  S1400: 0.9
  W50: 11.0
