DECJD: 20.6675
NAME: B1922+20
RAJD: 291.16667
SOURCE_PARAM:
  DM: 213.0
  JNAME: J1924+2040
  P0: 0.237790138
  P1: 2.09e-15
  S1400: null
  W50: 16.0
