DECJD: 10.99234
NAME: B1929+10
RAJD: 293.05812
SOURCE_PARAM:
  DM: 3.18321
  JNAME: J1932+1059
  P0: 0.226517635038
  P1: 1.157426e-15
  S1400: 36.0
  W50: 7.4
