DECJD: 24.61101
NAME: B1931+24
RAJD: 293.40764
SOURCE_PARAM:
  DM: 106.03
  JNAME: J1933+2421
  P0: 0.81369030283
  P1: 8.1098e-15
  S1400: null
  W50: 25.9
