DECJD: 16.27777
NAME: B1933+16
RAJD: 293.94927
SOURCE_PARAM:
  DM: 158.521
  JNAME: J1935+1616
  P0: 0.3587384107696
  P1: 6.0025237e-15
  S1400: 42.0
  W50: 9.0
