DECJD: 20.8042
NAME: B1957+20
RAJD: 299.90321
SOURCE_PARAM:
  DM: 29.1168
  JNAME: J1959+2048
  P0: 0.00160740168480632
  P1: 1.68515e-20
  S1400: 0.4
  W50: 0.035
