DECJD: 28.66506
NAME: B2016+28
RAJD: 304.51597
SOURCE_PARAM:
  DM: 14.1977
  JNAME: J2018+2839
  P0: 0.5579534804225
  P1: 1.481058e-16
  S1400: 30.0
  W50: 14.9
