DECJD: 28.90642
NAME: B2020+28
RAJD: 305.65445
SOURCE_PARAM:
  DM: 24.63109
  JNAME: J2022+2854
  P0: 0.343402157786
  P1: 1.894195e-15
  S1400: 38.0
  W50: 12.0
