DECJD: 47.91498
NAME: B2217+47
RAJD: 334.95058
SOURCE_PARAM:
  DM: 43.4975
  JNAME: J2219+4754
  P0: 0.5384688219194
  P1: 2.765209e-15
  S1400: 3.0
  W50: 7.5
