DECJD: 65.59322
NAME: B2224+65
RAJD: 336.46967
SOURCE_PARAM:
  DM: 36.44362
  JNAME: J2225+6535
  P0: 0.682542497406
  P1: 9.6606e-15
  S1400: 2.0
  W50: 21.1
