DECJD: 55.79334
NAME: B2306+55
RAJD: 347.05759
SOURCE_PARAM:
  DM: 46.53905
  JNAME: J2308+5547
  P0: 0.4750676748022
  P1: 1.99491e-16
  S1400: 1.9
  W50: 26.9
