DECJD: 42.88696
NAME: B2310+42
RAJD: 348.28592
SOURCE_PARAM:
  DM: 17.27693
  JNAME: J2313+4253
  P0: 0.3494336821331
  P1: 1.123699e-16
  S1400: 15.0
  W50: 8.8
