DECJD: -5.57687
NAME: J0034-0534
RAJD: 8.59098
SOURCE_PARAM:
  DM: 13.76517
  JNAME: J0034-0534
  P0: 0.001877181884585
  P1: 4.966e-21
  S1400: 0.61
  W50: 0.8
