DECJD: 53.11731
NAME: J1012+5307
RAJD: 153.13932
SOURCE_PARAM:
  DM: 9.02314
  JNAME: J1012+5307
  P0: 0.005255749014115409
  P1: 1.712794e-20
  S1400: 3.2
  W50: 0.69
