DECJD: 10.03133
NAME: J1022+1001
RAJD: 155.74166
SOURCE_PARAM:
  DM: 10.2521
  JNAME: J1022+1001
  P0: 0.01645292995419539
  P1: 4.33375e-20
  S1400: 6.1
  W50: 0.972
