DECJD: -7.83847
NAME: J2145-0750
RAJD: 326.46025
SOURCE_PARAM:
  DM: 8.99761
  JNAME: J2145-0750
  P0: 0.0160524239193813
  P1: 2.9788e-20
  S1400: 8.9
  W50: 0.337
